  454044.381729 6782037.458252      1 0.000000
454342.479012 6782100.342589      1 0.000000
454462.031256 6782126.406949      1 0.000000
454583.551747 6782165.585562      1 0.000000
454803.057344 6782270.609212      1 0.000000
454764.801078 6782294.343302      1 0.000000
454836.548845 6782355.828811      1 0.000000
454869.800488 6782437.198029      1 0.000000
454908.679983 6782507.695565      1 0.000000
455084.173582 6782606.118698      1 0.000000
455047.040588 6782697.126709      1 0.000000
455062.627677 6782828.827503      1 0.000000
455093.857605 6782947.258545      1 0.000000
455122.892273 6783074.067383      1 0.000000
455323.026809 6783242.230954      1 0.000000
455435.533619 6783301.009262      1 0.000000
455550.737078 6783369.584362      1 0.000000
455637.736378 6783405.830771      1 0.000000
455895.490112 6783522.289795      1 0.000000
455831.640270 6783691.299371      2 0.000000
455642.429250 6783579.871803      2 0.000000
455531.495823 6783518.634871      2 0.000000
455406.417951 6783449.506760      2 0.000000
455298.061425 6783371.217048      2 0.000000
455196.313439 6783259.374473      2 0.000000
455018.934221 6783190.003100      2 0.000000
454997.253901 6783038.743411      2 0.000000
454977.583008 6782902.675537      2 0.000000
454966.872084 6782734.665663      2 0.000000
454821.728654 6782701.214109      2 0.000000
454783.839008 6782526.714614      2 0.000000
454726.478260 6782425.759378      2 0.000000
454645.834027 6782294.901938      2 0.000000
454565.845874 6782219.054652      2 0.000000
454468.714211 6782178.905943      2 0.000000
454319.366997 6782131.324308      2 0.000000
454237.504784 6782126.057406      2 0.000000
454063.119629 6782074.597778      2 0.000000
456137.015372 6786003.658865      3 0.000000
456109.539366 6785906.320668      3 0.000000
456078.674652 6785804.881982      3 0.000000
456037.370199 6785702.113387      3 0.000000
456006.335463 6785556.180238      3 0.000000
455949.731702 6785424.837509      3 0.000000
455894.007732 6785271.070615      3 0.000000
455865.606139 6785107.951009      3 0.000000
455842.434772 6784911.143321      3 0.000000
455774.465403 6784744.484258      3 0.000000
455759.366152 6784555.272940      3 0.000000
455717.819574 6784285.490080      3 0.000000
455748.236561 6784119.148092      3 0.000000
455811.015431 6783921.940501      3 0.000000
455829.727519 6783722.665980      3 0.000000
455893.523071 6783555.243652      3 0.000000
455918.605680 6783399.284570      3 0.000000
455991.855680 6783273.684570      3 0.000000
455990.105680 6783148.884570      3 0.000000
455975.855680 6783024.084570      3 0.000000
455997.355690 6782773.684560      3 0.000000
456042.004883 6782595.467529      3 0.000000
456083.979370 6782475.540771      3 0.000000
456209.902466 6782115.760498      3 0.000000
456281.942383 6781957.036011      3 0.000000
456384.255690 6781830.484550      3 0.000000
456408.355690 6781767.284550      3 0.000000
456444.105690 6781641.684550      3 0.000000
456415.605690 6781392.084540      3 0.000000
456388.005690 6781204.884540      3 0.000000
456361.255690 6781080.884540      3 0.000000
456308.655690 6780893.684540      3 0.000000
456245.880493 6780748.595276      3 0.000000
456166.805690 6780583.284530      3 0.000000
456523.755690 6781078.484540      4 0.000000
456549.605690 6781140.884540      4 0.000000
456602.205690 6781327.284540      4 0.000000
456605.705690 6781576.884550      4 0.000000
456571.705690 6781828.084550      4 0.000000
456572.797119 6781973.473145      4 0.000000
456333.653104 6782145.231729      4 0.000000
456283.588013 6782357.981201      4 0.000000
456269.705690 6782581.684560      4 0.000000
456184.855690 6782770.484560      4 0.000000
456174.955690 6782958.484560      4 0.000000
456127.605690 6783146.484570      4 0.000000
456104.355690 6783272.084570      4 0.000000
456106.955690 6783459.284570      4 0.000000
456096.205690 6783584.884570      4 0.000000
456032.331421 6783688.340576      4 0.000000
456013.063255 6783713.811583      4 0.000000
456005.578703 6783863.078029      4 0.000000
455984.351021 6784035.225272      4 0.000000
455968.563966 6784158.600012      4 0.000000
455964.336621 6784310.560075      4 0.000000
456010.560493 6784446.515245      4 0.000000
456038.038857 6784661.699543      4 0.000000
456061.787907 6784761.168945      4 0.000000
456077.958804 6784895.439786      4 0.000000
456095.878024 6785033.263758      4 0.000000
456093.221734 6785111.598377      4 0.000000
456115.105707 6785236.067180      4 0.000000
456135.443291 6785374.969892      4 0.000000
456167.207387 6785494.570762      4 0.000000
456180.423009 6785616.613661      4 0.000000
456258.050781 6785887.021484      4 0.000000
