455980.502873 6786125.939849      1 0.000000
455988.593854 6785962.263340      1 0.000000
455932.509333 6785790.619430      1 0.000000
455855.647186 6785593.023544      1 0.000000
455791.418296 6785406.723815      1 0.000000
455764.513117 6785189.908632      1 0.000000
455728.884631 6784986.570032      1 0.000000
455630.329985 6784671.901548      1 0.000000
455597.554598 6784460.948924      1 0.000000
455580.932350 6784230.069294      1 0.000000
455600.159201 6783999.211543      1 0.000000
455651.221867 6783792.547337      2 0.000000
455382.140835 6783590.952791      2 0.000000
455286.970505 6783542.339418      2 0.000000
455193.523689 6783469.362601      2 0.000000
455081.867411 6783338.624251      2 0.000000
455018.934221 6783190.003100      2 0.000000
454997.253901 6783038.743411      2 0.000000
454986.199801 6782931.846260      2 0.000000
454956.975307 6782832.911492      2 0.000000
454893.732303 6782756.046576      2 0.000000
454821.728654 6782701.214109      2 0.000000
454613.284115 6782613.308602      2 0.000000
454557.686493 6782463.417236      2 0.000000
454490.411323 6782371.732168      2 0.000000
454437.331741 6782293.295014      2 0.000000
454340.899609 6782238.557642      2 0.000000
454204.077946 6782216.145508      2 0.000000
454116.242691 6782191.918213      2 0.000000
454034.808090 6782165.840576      2 0.000000
453941.719793 6782137.927648      2 0.000000
453936.261932 6782116.425903      3 0.000000
454042.623891 6782127.945690      3 0.000000
454100.035583 6782150.799194      3 0.000000
454227.174834 6782177.777782      3 0.000000
454386.112855 6782218.746711      3 0.000000
454576.233289 6782272.921401      3 0.000000
454648.922233 6782388.579923      3 0.000000
454744.121216 6782512.179202      3 0.000000
455039.881620 6782636.638079      3 0.000000
455062.627677 6782828.827503      3 0.000000
455114.700138 6783026.298410      3 0.000000
455179.187692 6783309.888546      3 0.000000
455388.622155 6783494.955152      3 0.000000
455688.807593 6783624.609837      3 0.000000
456382.755690 6780830.484540      4 0.000000
456400.782227 6780994.230957      4 0.000000
456412.105690 6781142.484540      4 0.000000
456402.255690 6781330.484540      4 0.000000
456429.855690 6781516.884550      4 0.000000
456420.005690 6781704.884550      4 0.000000
456359.255690 6781830.484550      4 0.000000
456333.653104 6782145.231729      4 0.000000
456160.671021 6782392.994385      4 0.000000
456066.362305 6782565.696045      4 0.000000
455997.355690 6782773.684560      4 0.000000
455920.709229 6782936.920898      4 0.000000
455902.605680 6783149.684570      4 0.000000
455880.205680 6783337.684570      4 0.000000
455871.205680 6783588.084570      4 0.000000
455827.991943 6783793.955322      4 0.000000
455844.437000 6783818.542839      4 0.000000
455835.031456 6784003.949183      4 0.000000
455797.171565 6784199.441352      4 0.000000
455813.922087 6784436.615479      4 0.000000
455857.404407 6784710.544535      4 0.000000
455918.612109 6784965.601202      4 0.000000
455970.331785 6785207.117819      4 0.000000
456001.058869 6785459.710800      4 0.000000
456018.928046 6785608.969127      4 0.000000
456030.139572 6785749.160515      4 0.000000
456071.622314 6785955.651855      4 0.000000
455619.141479 6783957.026123      5 0.000000
455690.223022 6783709.933594      5 0.000000
455713.035889 6783624.136230      5 0.000000
455732.005680 6783464.884570      5 0.000000
455706.553101 6783315.894287      5 0.000000
455740.105680 6783152.084570      5 0.000000
455775.855680 6783026.484570      5 0.000000
455811.605680 6782900.884560      5 0.000000
455859.005680 6782712.884560      5 0.000000
455914.651367 6782563.640137      5 0.000000
455936.317374 6782496.716953      5 0.000000
456040.199463 6782335.284668      5 0.000000
456112.755690 6782084.084550      5 0.000000
456256.324707 6781706.819580      5 0.000000
456267.405690 6781519.284550      5 0.000000
456226.405690 6781269.684540      5 0.000000
456174.655690 6781145.684540      5 0.000000
456085.405690 6781021.684540      5 0.000000
456145.305690 6780833.684540      5 0.000000
456114.300659 6780583.924622      5 0.000000
