453948.813194 6782125.214702      1 0.000000
454629.956749 6782671.738140      2 0.000000
454546.816124 6782624.283550      2 0.000000
454440.330284 6782465.857280      2 0.000000
454373.813194 6782366.063823      2 0.000000
454276.133018 6782285.652202      2 0.000000
454276.133018 6782285.652202      3 0.000000
454147.816612 6782234.887554      3 0.000000
453974.676475 6782178.574565      3 0.000000
453956.391180 6782125.456945      4 0.000000
454020.563682 6782162.166851      4 0.000000
454161.162803 6782205.852398      4 0.000000
454264.298546 6782244.084331      4 0.000000
454343.192375 6782280.369385      4 0.000000
456349.248253 6780767.436382      5 0.000000
456309.890343 6780886.091167      5 0.000000
456269.028526 6780972.967388      5 0.000000
456245.577354 6781087.903179      5 0.000000
456212.343956 6781148.138042      5 0.000000
456219.554893 6781250.726909      5 0.000000
456284.479698 6781384.449077      5 0.000000
456291.499718 6781521.512554      5 0.000000
456245.583214 6781641.038433      5 0.000000
456213.499229 6781832.687847      5 0.000000
456152.906944 6781955.067241      5 0.000000
456142.892784 6782063.430523      5 0.000000
456150.224815 6782180.461284      5 0.000000
456115.167969 6782277.039062      5 0.000000
455486.076630 6783664.947882      6 0.000000
455491.504364 6783666.262335      6 0.000000
455557.085167 6783531.493023      6 0.000000
455556.676964 6783444.812847      6 0.000000
455555.938682 6783338.806011      6 0.000000
455585.051475 6783181.979839      6 0.000000
455635.558800 6782973.446148      6 0.000000
455685.327354 6782822.675151      6 0.000000
455723.271690 6782710.944683      6 0.000000
455806.456260 6782544.218120      6 0.000000
455941.600303 6782313.756694      6 0.000000
456041.156944 6782143.490093      6 0.000000
456072.156456 6782090.210796      6 0.000000
456075.304893 6781941.954448      6 0.000000
456132.013878 6781840.241069      6 0.000000
456172.552452 6781761.625347      6 0.000000
456188.526085 6781692.384624      6 0.000000
456240.577354 6781556.648784      6 0.000000
456253.941124 6781510.840190      6 0.000000
456243.099327 6781415.887065      6 0.000000
456214.608604 6781344.214702      6 0.000000
456177.831749 6781266.791851      6 0.000000
456200.136436 6781209.039898      6 0.000000
456162.092003 6781085.787944      6 0.000000
456201.487510 6780957.065532      6 0.000000
456255.212120 6780836.516216      6 0.000000
456297.033409 6780754.777935      6 0.000000
456057.975952 6782436.583008      7 0.000000
455978.564171 6782591.934429      7 0.000000
455879.607139 6782778.759136      7 0.000000
455760.479698 6783008.283550      7 0.000000
455680.314171 6783210.576030      7 0.000000
455637.017296 6783351.307476      7 0.000000
455645.806358 6783585.742534      7 0.000000
455618.791710 6783759.284038      7 0.000000
455604.150633 6783909.309927      7 0.000000
455615.920616 6784158.969585      7 0.000000
455669.702843 6784422.787456      7 0.000000
455724.371300 6784717.609722      7 0.000000
455755.838585 6784973.953472      7 0.000000
455779.929893 6785251.699565      7 0.000000
455840.736534 6785501.108745      7 0.000000
455930.443077 6785698.604839      7 0.000000
455991.334190 6785860.042339      7 0.000000
456021.019271 6786032.870787      7 0.000000
456011.678917 6786114.650737      7 0.000000
455953.349815 6786225.669292      7 0.000000
455863.664067 6786110.572237      7 0.000000
455858.440147 6786012.830425      7 0.000000
455826.362999 6785900.331401      7 0.000000
455773.679893 6785725.803081      7 0.000000
455701.695030 6785547.013042      7 0.000000
455631.181846 6785366.282573      7 0.000000
455600.053917 6785276.516948      7 0.000000
455574.149132 6785112.170757      7 0.000000
455555.892784 6784929.788433      7 0.000000
455540.222374 6784819.525737      7 0.000000
455530.034874 6784739.924175      7 0.000000
455514.218956 6784665.163433      7 0.000000
455501.092979 6784495.612651      7 0.000000
455488.133018 6784367.909038      7 0.000000
455455.112999 6784261.800640      7 0.000000
455432.903038 6784186.393413      7 0.000000
455425.607628 6784094.007183      7 0.000000
455416.993858 6783984.931499      7 0.000000
455437.649132 6783935.137554      7 0.000000
455461.793175 6783829.271831      7 0.000000
455456.872143 6783826.768094      7 0.000000
455456.872143 6783826.768094      8 0.000000
455378.176964 6783739.325054      8 0.000000
455258.047081 6783638.729839      8 0.000000
455103.164268 6783502.392925      8 0.000000
455027.195030 6783381.533550      8 0.000000
454977.825401 6783220.652690      8 0.000000
454940.178917 6783102.288433      8 0.000000
454926.323448 6782950.140483      8 0.000000
454890.367393 6782830.551128      8 0.000000
454760.305382 6782709.559917      8 0.000000
454806.284874 6782643.712261      9 0.000000
454925.582237 6782695.332866      9 0.000000
455016.059776 6782795.392925      9 0.000000
455033.412315 6782891.092144      9 0.000000
455011.186729 6782973.711773      9 0.000000
455031.501671 6783154.813335      9 0.000000
455110.500206 6783346.507671      9 0.000000
455248.792198 6783473.649273      9 0.000000
455410.049034 6783601.620464      9 0.000000
455486.076630 6783664.947882      9 0.000000
454458.393250 6782327.752930     10 0.000000
454493.627159 6782374.579937     10 0.000000
454542.080772 6782439.983745     10 0.000000
454595.758018 6782514.873394     10 0.000000
454629.004600 6782568.513042     10 0.000000
