 FFASCI 0 1 "LINES" 0 1e+10
FFATTR 0 1
->1
453297.806219 6780353.080667 -2102.787384
453192.331023 6780287.433120 -2004.392336
->2
453236.395241 6780537.849393 -2117.631572
452990.031761 6780477.892456 -1944.530777
->3
453188.717424 6780731.346934 -2141.988605
452849.051592 6780652.783369 -1939.787713
->4
453151.834622 6780931.629096 -2164.843736
452731.029589 6780826.520305 -1946.708525
->5
453116.243759 6781138.247958 -2178.200120
452629.880155 6781015.554294 -1938.466886
->6
453032.909750 6781320.609019 -2189.227854
452528.748806 6781203.581465 -1930.304455
->7
452900.654157 6781472.793213 -2206.727179
452376.459485 6781355.399633 -1935.192655
->8
452784.113217 6781634.811462 -2222.322656
452205.434351 6781492.581632 -1946.739924
->9
452744.224262 6781836.465775 -2240.884864
452108.227151 6781675.409780 -1948.533112
->10
452701.166333 6782036.122002 -2259.863669
452068.199886 6781888.775803 -1950.496457
->11
452625.889952 6782214.449643 -2285.145984
452017.569827 6782087.790541 -1965.861839
->12
452453.833091 6782370.337161 -2271.561500
451906.094594 6782277.312807 -1972.857597
->13
452347.377642 6782545.504797 -2281.137743
451797.655276 6782471.231012 -1974.706743
->14
452261.482459 6782732.222711 -2263.389449
451741.473596 6782633.958819 -1972.646789
->15
452218.677570 6782932.762713 -2258.524062
451715.622333 6782804.984148 -1982.985821
->16
452147.619893 6783115.463419 -2257.403614
451653.216375 6782959.542384 -1986.764950
->17
452002.541635 6783280.863002 -2253.722924
451527.222414 6783142.445502 -1997.364613
->18
451886.222001 6783454.389967 -2268.615862
451386.988787 6783319.269438 -2014.107418
->19
451790.160323 6783635.226516 -2290.177813
451244.207160 6783501.949699 -2031.133837
->20
451679.607777 6783803.452371 -2316.942432
451223.342214 6783720.196373 -2104.147185
->21
451565.114030 6783965.878864 -2344.106981
451225.182073 6783932.326188 -2194.575124
->22
451441.782319 6784130.024595 -2360.274376
451160.164087 6784131.499635 -2257.388818
->23
451284.378854 6784281.969272 -2362.025928
451192.480191 6784224.771732 -2307.341204
