FFASCI 0 1 "LINES" 0 1e+10
FFATTR 0 1
->1
451441.782319 6784130.024595 -2360.274376
451160.164087 6784131.499635 -2257.388818
->2
451580.320557 6784303.511744 -2351.204130
451195.909130 6784322.616810 -2202.813963
->3
451705.566614 6784477.977590 -2336.508038
451219.262779 6784510.356768 -2144.815812
->4
451858.765817 6784652.694738 -2333.799795
451214.062712 6784704.753981 -2080.863936
->5
451886.165531 6784831.980427 -2302.080085
451235.123857 6784887.159580 -2043.635645
->6
451957.292537 6785012.363548 -2290.479239
451324.235929 6785064.944543 -2034.563115
->7
452040.217882 6785189.157423 -2281.223629
451439.381596 6785237.905651 -2033.794639
->8
452126.812001 6785363.694951 -2271.618903
451548.169664 6785408.913760 -2028.389316
->9
452209.032918 6785539.275345 -2260.535666
451646.270011 6785580.395938 -2018.107028
->10
452276.920062 6785717.684265 -2244.479643
451740.110743 6785754.963591 -2008.227560
->11
452346.729039 6785895.528163 -2228.499099
451844.699713 6785931.612686 -2005.486901
->12
452429.829349 6786072.106516 -2217.838314
451952.114726 6786109.461754 -2005.313767
->13
452519.321617 6786252.952882 -2214.117487
452053.620654 6786288.503233 -2003.243462
->14
452607.004315 6786442.670583 -2217.458873
452151.132985 6786470.218788 -2001.549718
->15
452702.815542 6786633.224749 -2226.027579
452253.283387 6786653.006189 -2003.380718
->16
452803.307476 6786820.297783 -2234.133732
452356.500263 6786836.053347 -2006.175699
->17
452896.656574 6787008.103490 -2239.234188
452440.262483 6787025.545693 -2004.501770
->18
452978.188509 6787198.320121 -2240.190238
452512.135836 6787221.622998 -2002.492040
->19
453056.101648 6787387.865212 -2238.481814
452582.845083 6787418.511578 -2000.592981
->20
453143.373148 6787571.363664 -2236.198048
452693.279313 6787607.127492 -2013.362468
->21
453240.176600 6787747.540915 -2232.195000
452806.289952 6787788.998830 -2021.381956
->22
453335.580434 6787921.435903 -2225.043875
452918.214610 6787969.050413 -2027.246567
->23
453426.422287 6788098.490597 -2218.237048
453026.384100 6788148.516560 -2030.529067
->24
453515.878861 6788280.168625 -2215.180893
453118.086251 6788330.768078 -2026.895924
->25
453607.310084 6788460.537266 -2211.938562
453211.149359 6788511.486897 -2022.499650
->26
453746.055942 6788608.436119 -2204.095694
453342.884397 6788665.756267 -2014.441903
->27
454105.867288 6788661.188799 -2234.475026
453572.532252 6788754.067171 -1998.221530
->28
454525.064184 6788671.798946 -2258.911010
453880.432149 6788790.876782 -1976.797845
->29
454807.175956 6788735.776459 -2249.379767
454223.376512 6788835.420387 -1980.363019
->30
455012.519747 6788832.705482 -2228.079771
454462.213447 6788940.952191 -1982.815258
->31
455150.363926 6788952.425992 -2190.586956
454670.772691 6789066.165969 -1986.885529
->32
455193.938244 6789101.717874 -2126.757879
454875.507704 6789191.246198 -1987.220276
->33
455224.340959 6789227.515904 -2074.993289
455069.911891 6789333.250848 -1984.822643
