FFASCI 0 1 "LINES" 0 1e+10
FFATTR 0 1
->1
453697.778152 6785710.565691 -2181.273954
453271.541157 6785579.685915 -1938.835812
->2
453664.306095 6785880.511532 -2160.779478
453276.837802 6785781.689439 -1945.273918
->3
453644.918049 6786060.323068 -2151.489074
453269.492965 6785982.473755 -1946.779915
->4
453637.831958 6786244.575211 -2147.896940
453255.793799 6786185.385901 -1949.179770
->5
453655.826122 6786427.253198 -2144.481898
453251.779649 6786388.462757 -1953.242598
->6
453711.946526 6786605.715936 -2141.277541
453292.529986 6786585.416504 -1957.858643
->7
453778.640889 6786783.591620 -2138.784040
453383.839136 6786774.878920 -1964.408737
->8
453819.862342 6786967.449279 -2139.863038
453432.757705 6786966.303970 -1960.305337
->9
453847.137387 6787154.449233 -2141.826261
453454.414611 6787163.180867 -1957.529541
->10
453900.824887 6787335.917275 -2138.482202
453494.169880 6787356.779270 -1952.229150
->11
454129.261557 6787500.138598 -2195.003545
453594.881431 6787542.169338 -1956.907728
->12
454384.770207 6787654.003183 -2255.317439
453682.502403 6787726.932324 -1956.442487
