FFASCI 0 1 "LINES" 0 1e+10
FFATTR 0 1
->1
455227.814379 6782218.798564 -2100.878231
454752.784133 6782305.943648 -1840.796708
->2
455446.301119 6782229.661284 -2099.448094
454951.060142 6782338.243807 -1840.579146
->3
455650.088980 6782255.258415 -2089.878846
455143.013902 6782384.717639 -1837.723888
->4
455815.769232 6782301.800583 -2062.325200
455336.349144 6782431.901176 -1835.559633
->5
455978.492242 6782345.409342 -2033.554632
455528.170504 6782457.169087 -1830.168356
->6
456145.442203 6782385.521081 -2007.069481
455717.396300 6782464.447430 -1821.812100
->7
456335.385948 6782427.242606 -1991.415463
455908.941929 6782466.435895 -1812.964991
