FFASCI 0 1 "LINES" 0 1e+10
FFATTR 0 1
->1
453683.774260 6780359.683433 -2266.692218
453195.533256 6780582.601558 -1971.930720
->2
453927.701707 6780404.345001 -2295.059710
453424.798583 6780643.292307 -1979.508676
->3
454115.691770 6780497.516872 -2300.400915
453627.549913 6780734.059538 -1980.577447
->4
454281.881074 6780625.254830 -2303.297084
453810.871042 6780844.486540 -1974.836542
->5
454446.401760 6780740.855401 -2297.871143
453987.594074 6780940.019675 -1955.189019
->6
454611.750590 6780838.126971 -2282.374326
454162.199228 6781030.646583 -1930.020625
->7
454772.081897 6780938.319455 -2261.731355
454316.980441 6781154.295049 -1901.531157
->8
454929.586440 6781041.156683 -2237.714360
454451.521767 6781325.645729 -1877.229118
->9
455106.764409 6781121.447460 -2220.672458
454606.519474 6781490.550222 -1869.441632
->10
455310.005676 6781181.320618 -2205.889622
454790.039604 6781563.118962 -1880.024227
->11
455510.001068 6781253.909496 -2192.058104
454975.732929 6781622.962182 -1882.328168
->12
455678.932678 6781357.041293 -2163.741884
455164.837521 6781680.228212 -1884.991005
->13
455837.956600 6781464.147899 -2130.351068
455342.348905 6781743.950729 -1880.191377
->14
455995.069444 6781570.579472 -2097.370470
455513.798310 6781811.627171 -1872.966979
->15
456147.954098 6781680.985225 -2065.448683
455682.377933 6781883.325860 -1866.217720
->16
456320.207487 6781793.923425 -2046.438869
455844.414608 6781960.027416 -1858.573983
->17
456489.845830 6781913.983914 -2027.964670
456000.289104 6782038.254067 -1849.372694
