FFASCI 0 1 "LINES" 0 1e+10
FFATTR 0 1
->1
456420.590771 6782160.553706 -2015.488231
455962.059445 6782240.611538 -1828.060702
->2
456619.295562 6782210.098987 -1976.040034
456157.015177 6782342.720980 -1808.366493
->3
456817.994058 6782250.886160 -1937.541884
456354.389298 6782437.640071 -1787.959660
->4
457015.606566 6782303.630906 -1899.928210
456536.686655 6782520.684515 -1760.038108
->5
457145.054115 6782353.222136 -1876.927427
456763.752648 6782534.252853 -1759.564298
->6
457290.365007 6782400.603576 -1858.485846
456998.289507 6782539.502235 -1758.093509
->7
457438.518569 6782446.590105 -1839.513567
457249.166882 6782539.974769 -1761.207698
->8
457618.926547 6782473.996492 -1834.840196
457509.872193 6782541.019980 -1768.173816
->9
457776.231828 6782494.911535 -1833.168824
457770.306309 6782554.124943 -1771.020730
