FFASCI 0 1 "LINES" 0 1e+10
FFATTR 0 1
->1
452147.619893 6783115.463419 -2257.403614
451653.216375 6782959.542384 -1986.764950
->2
452181.932114 6783297.080463 -2255.811728
451751.705395 6783152.010621 -1994.033628
->3
452272.452748 6783456.568870 -2252.034544
451875.482916 6783324.074148 -1993.190665
->4
452350.219140 6783616.183504 -2243.687525
452000.021165 6783489.873760 -1986.924422
->5
452421.487930 6783812.997817 -2272.695248
452051.158264 6783687.963271 -1986.555630
->6
452488.017656 6784011.752473 -2301.820928
452045.702239 6783906.070129 -1985.306785
