FFASCI 0 1 "LINES" 0 1e+10
FFATTR 0 1
->1
452667.226419 6783912.624664 -2328.505189
452278.109447 6783826.464453 -1982.417013
->2
452488.017656 6784011.752473 -2301.820928
452045.702239 6783906.070129 -1985.306785
->3
452349.879855 6784131.063158 -2299.784504
451842.811023 6784038.176408 -1994.990477
->4
452227.737812 6784261.774896 -2306.233275
451667.941171 6784196.832957 -2011.298061
->5
452110.523638 6784393.335650 -2316.679451
451502.744668 6784362.757214 -2030.273265
->6
451990.680647 6784523.184119 -2327.415325
451340.725127 6784533.499538 -2048.845795
->7
451858.765817 6784652.694738 -2333.799795
451214.062712 6784704.753981 -2080.863936
