FFASCI 0 1 "LINES" 0 1e+10
FFATTR 0 1
->1
458508.406199 6784964.974576 -1785.948404
458484.910837 6784890.708017 -1719.785041
->2
458374.845661 6785173.836586 -1820.082629
458309.808729 6785068.073732 -1740.850774
->3
458245.589187 6785382.919885 -1872.145253
458122.363258 6785213.080750 -1754.658871
->4
458085.793485 6785427.283844 -1875.874395
457906.783871 6785314.052824 -1769.964429
->5
457949.939306 6785488.939159 -1903.791669
457681.176446 6785393.124482 -1779.390850
->6
457818.989544 6785553.601378 -1933.589631
457458.038463 6785477.634345 -1788.278564
->7
457690.305252 6785624.467353 -1962.602560
457250.755959 6785576.749985 -1800.049577
->8
457571.376972 6785713.740370 -1991.175289
457061.220339 6785708.383997 -1810.608885
->9
457463.016743 6785823.688801 -2016.860007
456879.883568 6785860.508222 -1819.214682
