FFASCI 0 1 "LINES" 0 1e+10
FFATTR 0 1
->1
455106.764409 6781121.447460 -2220.672458
454606.519474 6781490.550222 -1869.441632
->2
455094.182323 6781378.350086 -2154.469323
454654.256685 6781648.359743 -1856.740744
->3
455145.591617 6781608.372716 -2125.604919
454697.114870 6781802.030880 -1844.784163
->4
455220.531884 6781927.311533 -2108.928717
454753.896855 6782060.492458 -1841.228819
->5
455227.814379 6782218.798564 -2100.878231
454752.784133 6782305.943648 -1840.796708
->6
455187.918970 6782397.964419 -2100.867335
454710.745025 6782486.163204 -1840.929528
->7
455124.955986 6782570.093214 -2103.557878
454613.579983 6782659.048466 -1834.759018
->8
454987.358936 6782788.256260 -2089.587258
454462.657103 6782834.413096 -1827.540432
->9
454899.514375 6783006.039886 -2099.307562
454290.945058 6783004.071696 -1822.692463
->10
454871.265071 6783199.981596 -2112.574171
454181.433489 6783167.914047 -1836.369726
->11
454873.441722 6783403.059630 -2122.269108
454138.103420 6783349.738815 -1845.396817
->12
454887.383224 6783612.853483 -2123.086483
454139.307991 6783546.715835 -1845.426769
->13
454911.377145 6783822.994824 -2127.832462
454142.740329 6783744.060327 -1845.196214
->14
454926.729782 6784028.691964 -2137.440640
454172.206481 6783946.961044 -1847.257489
->15
454918.839756 6784227.205088 -2149.765975
454229.267886 6784156.434161 -1851.065781
->16
454855.502573 6784408.871224 -2168.109408
454229.536458 6784348.037235 -1863.703521
->17
454695.790926 6784561.441908 -2196.421662
454137.078939 6784509.562619 -1893.644818
->18
454474.676419 6784701.519813 -2199.619008
454006.831562 6784666.831896 -1918.267657
->19
454351.110535 6784868.559369 -2200.102512
453897.927996 6784832.980530 -1933.075568
->20
454290.003808 6785054.244706 -2194.557264
453825.464642 6785012.426926 -1936.849189
->21
454254.446452 6785245.886194 -2191.766146
453784.828533 6785203.153898 -1931.991842
->22
454208.163267 6785433.746590 -2191.828048
453749.492409 6785395.489767 -1926.514205
->23
454123.706093 6785609.959448 -2196.360507
453685.434622 6785575.974757 -1934.063519
->24
454025.409185 6785781.393707 -2204.274787
453595.983201 6785749.675906 -1941.555510
->25
453963.078545 6785963.814117 -2207.976807
453532.599391 6785932.398007 -1942.635738
->26
453930.090556 6786155.207801 -2208.649368
453484.199628 6786121.868520 -1938.534948
