FFASCI 0 1 "LINES" 0 1e+10
FFATTR 0 1
->1
453683.774260 6780359.683433 -2266.692218
453195.533256 6780582.601558 -1971.930720
->2
453733.777834 6780566.726323 -2249.827447
453288.263843 6780777.040421 -1965.360816
->3
453772.927828 6780790.571213 -2243.523734
453348.931863 6780989.503013 -1951.061750
->4
453846.724455 6780990.780953 -2232.285292
453384.753649 6781216.583783 -1930.741085
->5
453942.654435 6781174.799680 -2213.363821
453427.399076 6781439.378635 -1909.429433
->6
454015.412829 6781370.812606 -2180.587158
453508.527391 6781638.716515 -1893.273607
->7
454068.882228 6781577.868877 -2138.227369
453608.283334 6781826.319405 -1878.593442
->8
454143.542552 6781773.996845 -2107.514261
453708.679846 6782013.429838 -1863.822726
->9
454226.686965 6781965.527022 -2080.325578
453832.068113 6782186.782776 -1857.130205
->10
454348.989407 6782166.310500 -2056.097475
453961.863621 6782327.652367 -1853.057694
->11
454480.954201 6782351.249349 -2032.481732
454089.799780 6782469.125461 -1842.491243
->12
454598.950752 6782540.022069 -2014.545941
454196.537187 6782621.389290 -1829.946060
->13
454745.471741 6782750.064286 -2041.016949
454262.879337 6782799.560672 -1823.168741
->14
454899.514375 6783006.039886 -2099.307562
454290.945058 6783004.071696 -1822.692463
