FFASCI 0 1 "LINES" 0 1e+10
FFATTR 0 1
->1
452625.889952 6782214.449643 -2285.145984
452017.569827 6782087.790541 -1965.861839
->2
452655.220200 6782374.372923 -2286.704024
452133.040623 6782279.709978 -1977.240049
->3
452682.824612 6782535.805647 -2288.476191
452230.885125 6782468.415329 -1982.193894
->4
452706.576122 6782755.438928 -2293.931186
452298.673364 6782672.542557 -1979.454619
->5
452685.198191 6782997.228185 -2309.202950
452326.370315 6782893.457470 -1981.433988
->6
452650.463169 6783244.498185 -2326.038072
452330.028539 6783125.782741 -1988.313686
->7
452644.765015 6783469.424248 -2324.540323
452339.994958 6783351.521955 -1988.861197
->8
452658.740239 6783689.821810 -2326.199001
452327.580215 6783581.079030 -1983.459139
->9
452667.226419 6783912.624664 -2328.505189
452278.109447 6783826.464453 -1982.417013
->10
452759.431385 6784152.560614 -2327.124235
452268.843319 6783982.169713 -1982.754954
->11
452956.653760 6784340.133752 -2303.611366
452301.694163 6784124.787952 -1983.746452
->12
453130.416115 6784543.199197 -2287.572518
452375.664163 6784252.087724 -1980.501334
->13
453236.420263 6784775.992226 -2279.470289
452475.314675 6784365.513981 -1971.778838
->14
453342.334838 6784987.291447 -2260.822497
452574.788836 6784479.161021 -1963.129983
->15
453418.831174 6785124.371163 -2241.010909
452716.237834 6784698.065243 -1958.271064
->16
453497.272825 6785268.261107 -2224.814938
452857.524392 6784917.257150 -1953.422465
->17
453568.648478 6785415.303848 -2210.021789
453013.880483 6785126.070280 -1944.087432
->18
453635.479062 6785563.114596 -2195.774662
453149.672021 6785345.307853 -1937.229619
->19
453697.778152 6785710.565691 -2181.273954
453271.541157 6785579.685915 -1938.835812
->20
453752.790346 6785846.930776 -2170.405735
453355.111972 6785759.996826 -1942.740077
->21
453850.082590 6785998.880555 -2188.748518
453424.314539 6785939.904792 -1941.780849
->22
453930.090556 6786155.207801 -2208.649368
453484.199628 6786121.868520 -1938.534948
->23
453984.455697 6786351.902655 -2206.977453
453556.774091 6786317.600162 -1934.183333
->24
454089.146792 6786530.201416 -2201.910330
453682.636627 6786498.522582 -1935.094579
->25
454278.004806 6786712.309985 -2247.956063
453821.295221 6786673.861954 -1934.489818
->26
454429.047384 6786909.001686 -2298.080152
453926.741787 6786858.277821 -1931.631159
