FFASCI 0 1 "LINES" 0 1e+10
FFATTR 0 1
->1
457015.606566 6782303.630906 -1899.928210
456536.686655 6782520.684515 -1760.038108
->2
457027.930974 6782531.247921 -1881.727630
456525.349604 6782726.269651 -1762.629924
->3
457043.238171 6782748.719346 -1874.733757
456495.090569 6782929.277581 -1767.838096
->4
457015.126282 6782964.087998 -1880.247505
456489.080707 6783127.388116 -1772.514426
->5
456988.577530 6783177.945722 -1885.404329
456543.364876 6783314.768713 -1777.919539
->6
457082.697813 6783375.411472 -1883.724415
456653.170232 6783500.153847 -1773.342073
->7
457191.005811 6783575.019632 -1875.079214
456784.922963 6783686.178874 -1763.946780
->8
457238.111162 6783781.251320 -1870.823718
456887.359715 6783874.115789 -1762.353609
->9
457261.634491 6783984.146420 -1881.515667
456880.579719 6784076.312413 -1761.858088
->10
457297.745383 6784183.535537 -1899.570232
456808.557230 6784279.219783 -1778.457465
->11
457354.946867 6784383.366648 -1913.000399
456757.476550 6784478.361504 -1798.725380
->12
457432.255754 6784582.892309 -1924.822950
456769.598373 6784673.247382 -1813.324180
->13
457479.632344 6784786.221729 -1936.773803
456786.616627 6784870.116253 -1820.732731
->14
457450.138475 6784997.330096 -1942.169325
456744.452034 6785073.583305 -1818.439570
->15
457361.220160 6785212.768619 -1938.888748
456709.778299 6785275.459652 -1814.531517
->16
457309.262423 6785423.004566 -1940.364132
456743.032065 6785471.364565 -1816.158560
->17
457398.221129 6785621.581449 -1975.504196
456789.892673 6785666.989246 -1814.713632
->18
457463.016743 6785823.688801 -2016.860007
456879.883568 6785860.508222 -1819.214682
->19
457441.360624 6785994.628193 -2018.490112
456965.118022 6786041.424513 -1816.948178
->20
457464.284182 6786166.225175 -2011.719641
457058.737015 6786223.529833 -1812.920660
->21
457614.076504 6786326.338081 -2023.501446
457187.356900 6786401.685612 -1822.527384
->22
457828.504724 6786485.454022 -2025.049005
457313.966908 6786583.788142 -1824.026893
