FFASCI 0 1 "LINES" 0 1e+10
FFATTR 0 1
->1
458245.589187 6785382.919885 -1872.145253
458122.363258 6785213.080750 -1754.658871
->2
458233.634531 6785544.450197 -1896.611613
458054.432310 6785418.825179 -1766.055862
->3
458157.301815 6785692.443340 -1932.374619
457878.210273 6785602.487144 -1775.421876
->4
458035.177588 6785825.814163 -1969.111453
457613.406090 6785766.544514 -1787.163032
->5
457929.475774 6785964.111965 -1997.979472
457451.344729 6785955.893762 -1794.222081
->6
457885.918600 6786125.450489 -2013.374933
457433.161969 6786170.468928 -1808.487561
->7
457868.425387 6786302.099868 -2022.149715
457388.863314 6786381.915012 -1815.573610
->8
457828.504724 6786485.454022 -2025.049005
457313.966908 6786583.788142 -1824.026893
->9
457813.218513 6786684.295614 -2031.228494
457263.342355 6786768.139556 -1837.290501
->10
457823.563917 6786882.716431 -2043.292014
457229.999236 6786954.825147 -1849.662041
->11
457820.075056 6787074.295553 -2060.377727
457210.887114 6787143.479228 -1862.877555
->12
457779.116084 6787257.821854 -2079.253624
457187.078431 6787328.843881 -1878.834589
->13
457706.932789 6787437.320056 -2096.934547
457138.994942 6787507.065560 -1897.847630
->14
457651.000205 6787621.092647 -2114.392963
457059.136134 6787689.444576 -1905.541925
->15
457623.531650 6787815.752320 -2126.922730
457037.968713 6787885.298686 -1910.519482
->16
457626.647420 6788022.118831 -2133.969243
457049.466956 6788091.852901 -1909.877960
->17
457629.948387 6788230.716583 -2139.864872
457036.710146 6788292.114660 -1910.355548
->18
457611.410894 6788435.776638 -2146.814296
457028.238142 6788484.712832 -1921.328540
->19
457574.652310 6788643.263500 -2147.877576
456988.524316 6788676.873583 -1923.739052
->20
457538.453721 6788848.773527 -2155.627273
456923.165371 6788861.781690 -1927.328835
->21
457459.398540 6789046.013879 -2169.729939
456858.253864 6789043.610973 -1933.506438
->22
457380.114256 6789248.594688 -2187.805526
456830.633080 6789226.004794 -1952.800845
->23
457322.659045 6789468.512949 -2205.629097
456805.467670 6789410.763386 -1970.594849
->24
457036.790430 6789657.165078 -2127.696098
456768.168426 6789594.551471 -1979.778107
