FFASCI 0 1 "LINES" 0 1e+10
FFATTR 0 1
->1
457802.657690 6787530.931206 -2093.244233
457632.088306 6787540.437912 -1977.746168
->2
457894.057074 6787734.756098 -2103.314134
457595.853484 6787751.376513 -1918.623937
->3
457989.010705 6787938.382894 -2114.096580
457642.525065 6787957.694315 -1922.071233
->4
458067.031326 6788142.953453 -2127.413798
457683.665194 6788164.320413 -1933.229975
->5
458139.882914 6788347.812109 -2134.403524
457724.884264 6788370.942111 -1944.160587
->6
458242.887654 6788550.990176 -2139.741807
457783.081881 6788576.617508 -1947.088224
->7
458317.281393 6788755.762880 -2149.362989
457809.736894 6788784.050936 -1946.729869
->8
458354.947953 6788962.582578 -2159.924747
457805.927953 6788993.182276 -1949.120558
->9
458376.238685 6789170.314985 -2165.988583
457778.158926 6789203.649035 -1945.082337
->10
458383.291517 6789378.840943 -2174.595278
457744.857255 6789414.424156 -1941.872320
->11
458380.153483 6789587.934890 -2184.727485
457945.149453 6789612.179894 -2023.894942
