FFASCI 0 1 "LINES" 0 1e+10
FFATTR 0 1
->1
454695.790926 6784561.441908 -2196.421662
454137.078939 6784509.562619 -1893.644818
->2
454737.420002 6784765.544253 -2195.657683
454182.561297 6784712.357677 -1913.014730
->3
454792.925833 6784971.377510 -2194.688773
454267.839849 6784921.087085 -1913.588997
->4
454853.460534 6785177.423141 -2201.636396
454386.966522 6785134.271308 -1910.477652
->5
454860.114040 6785376.460861 -2214.455678
454416.092449 6785335.879752 -1914.209991
->6
454786.626246 6785565.332100 -2230.324191
454300.357615 6785519.342052 -1917.956136
->7
454654.687214 6785746.723882 -2249.313450
454161.562423 6785699.749638 -1924.216284
->8
454544.878698 6785930.774269 -2271.005486
454092.731070 6785888.885418 -1931.230218
->9
454496.391704 6786122.737340 -2288.618574
454066.374918 6786083.416450 -1937.032589
->10
454479.249724 6786318.602687 -2308.098652
454043.143350 6786278.524935 -1938.414094
->11
454466.872824 6786515.129983 -2327.063213
454016.416116 6786473.194634 -1939.446480
->12
454458.284189 6786712.749169 -2330.507064
453979.283430 6786666.583715 -1939.147081
->13
454429.047384 6786909.001686 -2298.080152
453926.741787 6786858.277821 -1931.631159
->14
454408.905715 6787096.957224 -2272.069483
453895.139811 6787078.358626 -1940.501949
->15
454387.346712 6787285.135563 -2256.224740
453838.478903 6787296.172574 -1943.206329
->16
454373.604866 6787471.026483 -2252.280433
453753.846245 6787510.563138 -1950.542444
->17
454384.770207 6787654.003183 -2255.317439
453682.502403 6787726.932324 -1956.442487
->18
454421.962354 6787858.105588 -2255.920563
453693.197791 6787936.505030 -1962.872725
->19
454472.582577 6788064.531072 -2254.042816
453731.648073 6788149.427346 -1966.270270
->20
454515.645212 6788269.626837 -2253.853225
453788.631678 6788364.026382 -1968.990334
->21
454532.751558 6788471.392925 -2256.491817
453846.982767 6788578.686461 -1971.557067
->22
454525.064184 6788671.798946 -2258.911010
453880.432149 6788790.876782 -1976.797845
->23
454487.783267 6788857.879746 -2258.590729
453903.596216 6788962.591853 -1985.798246
->24
454445.780570 6789042.244483 -2267.321673
453918.509439 6789131.838983 -1998.833930
->25
454406.164651 6789233.371369 -2275.929281
453948.118746 6789297.365847 -2022.065379
->26
454385.390627 6789440.055218 -2283.284322
453971.624758 6789466.531432 -2035.063404
->27
454293.976466 6789672.494324 -2210.722079
454005.413283 6789634.801626 -2038.000290
