FFASCI 0 1 "LINES" 0 1e+10
FFATTR 0 1
->1
456505.674996 6780310.083547 -2086.841736
456310.598698 6780291.704843 -2021.024773
->2
456492.046195 6780511.647134 -2063.439211
456298.490468 6780520.769056 -1996.918516
->3
456477.634381 6780720.596002 -2039.458221
456257.192785 6780746.922164 -1962.222367
->4
456494.686212 6780927.920601 -2025.473938
456214.795457 6780972.988263 -1927.531855
->5
456542.031850 6781130.220975 -2020.550234
456178.594908 6781199.355322 -1892.408998
->6
456588.780226 6781331.126143 -2015.979102
456221.493532 6781409.321891 -1884.752461
->7
456612.594988 6781529.127264 -2014.746048
456208.740763 6781619.529054 -1872.980243
->8
456570.124343 6781722.517610 -2019.967301
456107.454262 6781828.492222 -1861.919132
->9
456489.845830 6781913.983914 -2027.964670
456000.289104 6782038.254067 -1849.372694
->10
456420.590771 6782160.553706 -2015.488231
455962.059445 6782240.611538 -1828.060702
->11
456335.385948 6782427.242606 -1991.415463
455908.941929 6782466.435895 -1812.964991
->12
456253.811585 6782597.456816 -1993.250680
455771.598898 6782668.678062 -1811.779042
->13
456184.169743 6782767.433680 -1999.960647
455612.033836 6782864.042568 -1825.580116
->14
456149.605537 6782941.484354 -2001.534772
455486.422395 6783063.316869 -1832.267731
->15
456150.480133 6783118.236771 -1999.574274
455438.354921 6783269.636175 -1827.658702
->16
456152.994685 6783297.033436 -1995.546899
455435.075523 6783474.474960 -1822.722482
->17
456141.738108 6783471.089617 -1997.655518
455405.669908 6783681.543230 -1815.472163
->18
456108.518968 6783638.296750 -2007.403404
455372.903859 6783888.150333 -1808.714280
->19
456058.763071 6783844.522288 -2023.835370
455356.544642 6784093.674200 -1800.731059
->20
456017.968234 6784049.137484 -2041.155166
455394.410002 6784281.416763 -1806.756514
->21
456006.460141 6784252.353702 -2059.070193
455426.135531 6784468.548973 -1813.681577
->22
456037.157666 6784456.674705 -2075.411004
455461.389835 6784650.565028 -1827.345876
->23
456081.514328 6784663.424975 -2089.871648
455492.200087 6784836.284790 -1837.076455
->24
456108.430418 6784871.994027 -2103.157599
455525.469066 6785023.893210 -1844.290831
->25
456130.892617 6785081.138953 -2116.494174
455565.690077 6785212.271672 -1850.357489
->26
456153.594726 6785295.621146 -2119.449057
455623.079661 6785402.381631 -1853.724839
->27
456173.061531 6785514.450918 -2108.450387
455701.310420 6785594.449193 -1854.058824
->28
456203.734566 6785731.772970 -2094.558195
455785.234599 6785786.413258 -1855.594374
->29
456294.237983 6785943.972225 -2103.465926
455846.204523 6785975.820489 -1863.285344
->30
456398.477160 6786158.916829 -2110.591442
455870.940221 6786163.933556 -1868.732768
