FFASCI 0 1 "LINES" 0 1e+10
FFATTR 0 1
->1
456607.165576 6785769.856412 -2031.212032
456308.853976 6785731.282368 -1843.846615
->2
456538.253494 6785960.389913 -2088.884491
456065.472796 6785947.952415 -1849.993860
->3
456398.477160 6786158.916829 -2110.591442
455870.940221 6786163.933556 -1868.732768
->4
456270.522345 6786350.213251 -2121.485234
455751.341457 6786355.019925 -1880.110181
->5
456157.031778 6786542.359369 -2135.213160
455651.189149 6786548.439842 -1889.112053
->6
456095.713066 6786739.730060 -2149.620439
455577.145564 6786743.273287 -1903.267683
->7
456093.068398 6786944.210320 -2159.743543
455533.613271 6786942.033374 -1913.812635
->8
456093.167494 6787149.270505 -2169.541495
455512.152438 6787144.512150 -1917.741472
->9
456044.749848 6787349.920341 -2177.757732
455498.322124 6787347.944478 -1920.737005
->10
455967.062971 6787547.109458 -2189.058449
455487.168804 6787550.525695 -1929.040255
->11
455914.132488 6787746.314694 -2204.643862
455455.638466 6787751.062395 -1937.040850
->12
455895.160130 6787950.355794 -2216.095265
455400.425073 6787949.341780 -1943.665455
->13
455911.850968 6788159.461898 -2223.771452
455359.689892 6788149.518635 -1947.873417
->14
455919.627855 6788371.183094 -2214.292973
455363.463758 6788355.321005 -1946.638720
->15
455983.032054 6788588.866432 -2208.759059
455409.830400 6788564.514055 -1952.959839
->16
456064.753825 6788809.588569 -2202.803790
455507.498214 6788780.711097 -1951.907065
->17
456136.963802 6789029.769959 -2203.618485
455637.699899 6789001.367396 -1946.892886
->18
456209.770097 6789251.042933 -2217.902292
455707.680379 6789214.139714 -1954.541492
->19
456276.459505 6789475.711854 -2233.377750
455686.417160 6789417.191840 -1950.125412
->20
456011.279281 6789664.115897 -2128.722709
455661.097371 6789618.834614 -1946.233312
