FFASCI 0 1 "LINES" 0 1e+10
FFATTR 0 1
->1
454226.686965 6781965.527022 -2080.325578
453832.068113 6782186.782776 -1857.130205
->2
454497.095674 6782046.900986 -2072.547443
454091.161451 6782231.672811 -1853.615977
->3
454741.283681 6782150.838264 -2068.496467
454306.824268 6782304.725510 -1847.539003
->4
454837.680124 6782290.571379 -2051.128427
454430.956539 6782408.521379 -1844.645119
->5
454987.298285 6782424.223270 -2076.304522
454522.752241 6782532.593075 -1839.616043
->6
455124.955986 6782570.093214 -2103.557878
454613.579983 6782659.048466 -1834.759018
->7
455185.614992 6782786.402459 -2104.015588
454752.481010 6782818.857499 -1837.747050
->8
455213.157704 6783026.005774 -2105.629985
454841.605051 6783005.456633 -1832.552146
->9
455281.335678 6783237.573013 -2105.198536
454876.400059 6783226.685054 -1827.218025
->10
455426.980246 6783378.692204 -2083.532046
454925.101263 6783436.710196 -1819.998327
->11
455619.983969 6783478.646120 -2051.299359
455040.043177 6783610.270661 -1818.766836
->12
455862.140194 6783558.295740 -2029.884948
455193.892387 6783757.006547 -1815.192877
->13
456108.518968 6783638.296750 -2007.403404
455372.903859 6783888.150333 -1808.714280
