FFASCI 0 1 "LINES" 0 1e+10
FFATTR 0 1
->1
453342.334838 6784987.291447 -2260.822497
452574.788836 6784479.161021 -1963.129983
->2
453304.397352 6785111.654740 -2216.460646
452569.053158 6784703.134207 -1964.185761
->3
453303.627135 6785265.385969 -2189.131471
452606.205709 6784930.752987 -1966.003610
->4
453285.998619 6785437.704125 -2174.850871
452738.333176 6785149.610459 -1961.351080
->5
453263.008468 6785618.830527 -2169.149597
452835.763839 6785365.828854 -1954.905207
->6
453268.446377 6785790.704605 -2160.878211
452860.859096 6785593.489868 -1955.830722
->7
453281.304707 6785955.078381 -2154.545579
452869.565526 6785825.953101 -1958.929882
->8
453266.825848 6786109.010578 -2152.185340
452875.643577 6786064.925693 -1968.768346
->9
453183.590246 6786247.652606 -2125.626875
452830.720668 6786312.008231 -1980.284626
